Starting RemoveRandom Benchmark Sync
OurIMPL 0	1733383	16191	24911	47767	115916	225517	410269	628477	684259	3517654	927721	3123050	7878608	5700148	19179728	21880958	103782957	399975291	403673135	1716714206
OurIMPL 1	7519	547	699	1309	2322	5017	10409	21787	46839	126210	240476	520315	1319078	3127263	6666678	22712041	54834971	173396403	394421206	2428589116
OurIMPL 2	1406	641	725	1372	2244	4960	10749	21613	44770	105283	200869	457454	1065661	2392910	5835727	21311643	48586018	152684171	580046750	2235808108
OurIMPL 3	1145	465	668	1266	2196	4817	10142	31001	43939	95157	208995	482837	1121219	2603799	5839139	19893391	45650526	162797681	543863849	1572813838
OurIMPL 4	1014	472	681	1297	2195	4765	9925	20156	42815	90099	198293	451467	1039179	3222015	6797464	17432478	55280378	175078034	565238655	2481409525
OurIMPL 5	1311	517	3439	1409	4294	6976	14712	29641	58663	130402	256813	558900	1511331	2732587	7061478	22662641	46385007	150396207	538394722	2406797825
OurIMPL 6	1363	451	651	1293	2221	4877	10140	21259	44703	96346	274595	524572	1055397	2743564	6955178	18764294	50515928	163362038	572386954	2099988514
OurIMPL 7	1581	484	668	1327	3038	5383	10936	22473	46505	111202	225621	593136	1568290	2756927	8116975	16640791	50267043	163990203	567340767	2565240450
OurIMPL 8	1298	517	720	1510	2485	5375	11609	23923	51827	110598	248935	622447	1338552	2819036	7487003	20484205	54077629	175780514	600802106	2316922300
OurIMPL 9	1166	486	671	1305	2225	4807	10328	20839	52788	92017	198371	467337	1130870	2766692	8636197	17640387	51534284	171649310	564410593	2384817088
JavaIMPL 0	123145	50165	62846	37493	85469	232484	310480	513834	513821	890907	1411076	748846	1557087	3614543	6600761	13600539	43290533	94062463	221452063	860603877
JavaIMPL 1	813	274	615	1188	2291	5130	9362	20002	40575	95770	230163	450434	1017653	2382396	5695280	13287430	35324582	96157515	217865193	550463486
JavaIMPL 2	910	443	452	854	1734	4357	9507	20626	40324	92505	211231	472441	1081548	2455022	6642614	14767083	35865007	80831897	210141497	506407494
JavaIMPL 3	947	309	1039	1265	2093	5382	10116	23468	53795	107378	244441	540525	1175329	2794522	5966979	18250481	39777921	96565722	234023361	546718643
JavaIMPL 4	1225	324	364	1082	2016	4804	9030	31292	42435	98628	224642	484002	1131361	2511008	6977233	17524159	37805638	104216302	229126470	519693140
JavaIMPL 5	1405	298	476	1035	1810	4115	8108	17721	39523	87697	240202	487062	1079932	2376524	6697604	16599071	33271489	91068603	224190696	512027431
JavaIMPL 6	873	265	672	1004	1612	4330	8686	20254	43351	97433	245485	721053	1069063	2611897	6377505	15077126	40093951	95813777	280172411	540688952
JavaIMPL 7	1048	469	393	750	1517	3839	8905	30976	43313	98989	211132	499230	1066776	2668559	6223323	15462110	41082053	101998838	229699434	534400687
JavaIMPL 8	975	414	582	844	1950	4189	9979	22415	48499	105805	220453	503742	1156953	3115901	6594993	13715638	38877074	95551865	229057852	554185844
JavaIMPL 9	799	261	658	1038	1635	3854	9166	25023	52658	94253	202431	433017	1025056	2464634	5771638	13349721	32883879	82945714	221387818	507474163


Starting RemoveRandom Benchmark Concurrent 1
OurIMPL 0	853	507	536	1142	1964	4576	9845	20277	43177	92625	207220	516324	1258530	2412291	6459913	18583447	50574732	168021399	407225648	2614367986
OurIMPL 1	1265	356	561	1202	2088	4798	10302	20682	44643	136821	211431	485221	1444154	2776944	8301584	21018567	53717640	172668508	620523530	1941757005
OurIMPL 2	880	339	550	1242	2150	4649	10231	20962	45146	96621	211528	488158	1217411	2807921	7506696	17862931	51347342	157192885	535420539	1525862227
OurIMPL 3	1011	362	554	1204	2141	4669	10086	21158	43843	95692	340901	528021	1345568	2719330	8749358	24339834	57401819	196062644	563042464	1343296713
OurIMPL 4	3297	389	575	1485	2292	5131	14702	27887	71919	121438	234853	476288	1276055	2496895	7847934	18743121	52913851	177336361	620471672	1625133428
OurIMPL 5	724	387	533	1186	2067	4617	19233	22684	42717	91785	200705	492486	1303301	2894190	8713463	20011597	58320977	162109973	603784994	1507933881
OurIMPL 6	794	366	554	1387	2144	4691	10185	21703	46054	97965	211606	495465	1110451	2923814	6731094	16642142	57156697	178141347	592103305	1495985767
OurIMPL 7	719	469	522	1272	2082	4684	10113	20782	43388	100707	190009	444826	1099018	2449347	7376451	17324653	50080157	150347093	590592140	1761743962
OurIMPL 8	1091	390	524	1248	2074	4694	19138	20616	44744	88712	196802	458902	1046414	2829558	7790949	22585173	49681304	150474332	510922726	2470335113
OurIMPL 9	809	320	520	1146	1963	4481	9588	20757	43549	94205	213037	561732	1248727	3142302	7133680	20724208	52711353	142364602	522419892	2204997415
JavaIMPL 0	966	135	490	1076	1999	3957	9799	22546	43488	167083	296467	700215	1186127	2622132	6199402	14958934	43010813	99242189	213251276	549271022
JavaIMPL 1	510	153	232	1011	1765	3744	10141	18977	42665	93012	212938	495517	1061677	2597598	5928993	13813916	43431490	101103244	240408246	527552146
JavaIMPL 2	721	219	365	769	2732	3804	10024	21509	44182	103515	220149	487215	1068066	3260752	6432139	17247045	39523103	100107521	236151217	642548001
JavaIMPL 3	640	193	229	807	1639	4136	8733	18155	39028	95294	196573	455313	1001589	2576488	5664035	14285582	38761995	92022380	223719936	573450879
JavaIMPL 4	641	161	231	998	1585	4248	9821	21451	42276	91668	213437	500207	1081915	2993631	6470889	14346563	38826316	95307470	242266150	612132915
JavaIMPL 5	577	162	242	1037	2386	4294	8802	18761	56480	110343	210709	469998	1240611	2481328	5878397	13666277	40459295	106380688	255081154	603842234
JavaIMPL 6	548	356	493	840	1922	3794	7919	17969	42296	89833	190858	483601	1034412	2456803	5632133	14423752	38504793	89701276	215063692	532181387
JavaIMPL 7	2205	194	678	843	1776	3916	10013	18445	44777	97341	211887	477509	1066440	2779882	7096254	16313116	37430815	97324755	227679726	514484439
JavaIMPL 8	680	199	749	1699	3009	6088	11351	27295	56705	138383	278847	607053	1345793	2729641	7633888	15857896	36686117	91348260	232429264	540917906
JavaIMPL 9	723	316	444	1039	1990	3721	10036	20198	43073	106512	203794	470280	1032603	2432484	5912880	13183930	32433238	86883881	218835462	569763380


Starting RemoveRandom Benchmark Concurrent 2
OurIMPL 0	883	748	750	1357	2856	5642	11091	23069	54416	980227	1751125	1341560	2266261	5185284	12137417	19237217	41005257	116026926	334113398	1126781702
OurIMPL 1	256	18959	776	1323	2573	6533	11322	99126	81704	203258	260552	774017	1583653	3351977	7355739	19481093	41858620	106347566	315946343	786534764
OurIMPL 2	168	1574	680	1312	2796	5108	10754	146887	282576	571182	1049164	1598590	2288665	4964771	10611281	22705461	39817709	108176384	327327300	912446758
OurIMPL 3	348	965	9660	1254	3988	15105	13103	21163	47782	157141	336316	710005	1448370	3201449	7000872	17093769	40345140	109245360	260620916	1140547879
OurIMPL 4	181	804	674	1251	2193	5184	11999	23946	51976	151064	302823	769854	1495809	3035481	7207945	16287573	41330305	107928242	312039025	964708154
OurIMPL 5	168	786	655	1554	2265	4864	13507	25697	80018	142838	327813	735601	1632082	3249737	7003975	17674146	42449261	103807604	306600395	1060127369
OurIMPL 6	188	1880	691	1221	4058	4574	14452	21777	50831	131676	287251	656734	1465026	3176373	7878872	16402052	44428736	108888604	329600343	923735953
OurIMPL 7	144	809	911	1211	2212	5215	22791	23129	91933	132011	333710	702927	1533000	3144466	6736248	16423361	48326646	106960660	246190905	1153620521
OurIMPL 8	137	1006	692	1138	2112	8515	10925	20669	72580	161090	304006	677686	1556994	3080480	7875568	16094623	43880401	118356752	347625415	1006858226
OurIMPL 9	136	1083	850	1304	2404	6688	16248	29705	83063	150505	345625	705090	1526539	3194141	28923689	18937373	41244891	106649475	321034692	851889061
JavaIMPL 0	655	399	525	798	1712	3578	8260	67725	244940	1189545	2590728	1797398	3348967	6144034	11319103	34013180	31139424	75565838	169760714	397084350
JavaIMPL 1	134	672	363	847	2090	2979	7766	16767	23464	136340	269696	564658	1225702	2631829	5948638	12859086	28783768	71366156	173061933	395794729
JavaIMPL 2	137	638	549	805	1565	5621	7009	18502	38375	79623	260366	538999	1214541	2635478	5703613	12976202	30277186	71395789	174558354	399431229
JavaIMPL 3	146	407	323	1063	2513	3579	7029	11529	52484	124885	258206	565024	1184599	2576275	6257583	13339070	30153215	71784403	184584440	407361537
JavaIMPL 4	135	1722	633	1830	2183	15478	38245	35049	167932	314941	1055669	1830216	4385958	8643961	18647441	16264157	32143237	73133555	171184724	395482763
JavaIMPL 5	141	542	424	681	2015	3113	7389	14348	51662	122895	260137	558547	1175312	2547794	5979445	13145115	28526583	69258295	163365599	399826106
JavaIMPL 6	139	813	668	866	1287	2890	6801	16929	35060	96170	251602	546509	1147362	2535288	5730180	13192156	29066623	71645162	164646320	405063573
JavaIMPL 7	156	633	279	831	1472	3426	7976	16430	127154	524611	981389	2092701	4253612	8552415	17528648	13213993	31289470	73116669	173293280	416461815
JavaIMPL 8	156	762	696	2182	2303	5908	10419	21961	39994	78121	254771	552747	1228531	2588652	6561240	13668001	32557411	72528668	174303335	404094611
JavaIMPL 9	156	713	722	970	1860	3374	8330	13556	39696	91191	245691	552354	1212401	2514271	5728328	13377311	31020708	73229646	170318168	400753337


Starting RemoveRandom Benchmark Concurrent 4
OurIMPL 0	424	276	1193	1139	3560	4969	54839	76548	89624	121948	289045	729893	1368189	2811025	6060884	13479448	35175401	82503853	220484558	509477517
OurIMPL 1	271	319	1231	1795	11656	4838	84732	27331	50698	221863	520143	847015	1446541	3204154	6787862	14831216	33765753	80265756	209381788	445437435
OurIMPL 2	244	284	1695	1314	4554	5666	11510	30300	40369	178011	294469	690862	1405830	3081950	6509918	14294030	35776169	81565510	210113196	571828136
OurIMPL 3	238	311	1632	1738	3896	4970	89689	36627	75721	163097	311633	863106	1529904	3206773	8581423	15008127	32012331	80568332	220801765	623223323
OurIMPL 4	220	236	1344	1450	3485	5903	13506	25079	180613	164365	251801	680535	1639994	3088718	6714700	14764230	35753129	77600029	215983581	612708435
OurIMPL 5	200	299	1722	1583	3765	4794	9255	32931	43789	81195	297355	887304	1480606	3162629	7029122	15489582	32653665	84084939	216894782	668798237
OurIMPL 6	236	269	1195	1318	3892	4931	11492	73437	83683	192402	467567	900745	2098610	3115737	6752009	15172322	33395260	82254346	214223866	577186493
OurIMPL 7	238	320	1200	1831	4834	5185	28953	95394	110033	206614	362096	723144	1924384	3109821	7032424	14470581	35021587	81996075	217012769	653819471
OurIMPL 8	252	343	1227	1876	2643	6235	14570	71072	80499	214747	967238	2733603	3515032	5548837	11550212	25746854	47865902	84113494	213134563	593456706
OurIMPL 9	233	289	1223	1282	12385	37371	15851	28847	67736	126456	393364	1113769	1647035	3363406	7141903	15046030	35774223	81519828	219133083	630154739
JavaIMPL 0	511	283	1560	1301	2516	3738	5678	22856	29115	91197	219436	592076	1122699	2633059	5799649	13271062	29497732	67773305	155210972	380862798
JavaIMPL 1	200	268	834	854	2377	3164	15136	15325	55768	112540	229939	685621	1763854	2910593	5864547	13263234	29499513	69437898	158981199	379464513
JavaIMPL 2	222	227	873	1451	2327	2211	10076	20428	50034	93136	329633	622043	1329301	2695279	5887870	12886215	29708500	69382781	182906553	405213470
JavaIMPL 3	232	247	946	1345	1798	3782	8371	13623	63383	96659	174605	461051	1482816	2940820	6053224	13149899	30824289	68805575	163908050	404358819
JavaIMPL 4	228	227	1011	1395	1813	3074	7937	13963	40783	79070	151121	496659	1473487	2954982	5945072	12988301	30768585	83746158	162675340	409274594
JavaIMPL 5	378	331	888	1535	3125	10588	6557	15899	64474	70215	371060	641759	1393229	2887533	6060997	13104496	29329348	68783629	161051688	386664743
JavaIMPL 6	233	315	1232	1162	1860	4076	7301	29547	45199	90136	172140	490067	1569983	2977198	6355041	13397538	33323808	69612274	166597695	412021226
JavaIMPL 7	193	305	1132	852	2331	11940	11283	35655	49406	82588	162290	689215	1330804	2809769	6413824	14053108	30714673	69121954	174231449	380524107
JavaIMPL 8	267	215	1819	1390	1569	4930	7991	32373	38728	91811	165642	453323	1560093	3039831	6032950	14961998	32887162	71561789	175445309	387677875
JavaIMPL 9	233	277	1188	1438	1831	4452	9156	18462	47821	99472	329523	736063	1615109	3266566	6463900	14882908	31691733	75815326	169067348	405230466


Starting RemoveRandom Benchmark Concurrent 8
OurIMPL 0	631	503	452	3829	3459	7763	49796	78176	132969	429316	929826	992853	2028023	4486301	10857789	17725983	40674597	98435375	194696048	570314072
OurIMPL 1	430	557	598	2729	17207	16526	20157	20593	410955	233175	1151863	978387	1895354	3242272	7938579	16137716	32419630	90645724	173590094	516310411
OurIMPL 2	1026	782	665	4540	4638	8294	16606	116376	135832	400315	613613	1271669	2019922	4015639	6752440	15679964	35869424	86326696	202114225	442776702
OurIMPL 3	446	333	712	3154	4044	8255	19954	133270	101004	644687	351792	1156109	2148946	3863883	7903972	14200285	45074951	92311299	195801330	415881113
OurIMPL 4	420	582	573	2552	20823	5019	77086	39447	262628	611200	396543	752182	2133991	3733712	7781809	15553556	35759203	82142829	193341138	488026824
OurIMPL 5	575	366	322	1985	3527	30639	13694	132283	109199	497198	708368	994535	1523406	3482773	7713606	14797981	36020354	66634141	197004647	409519158
OurIMPL 6	454	713	359	1987	3352	6890	15079	66275	240298	504365	561683	907561	1518584	3917072	7434280	15313954	31727751	79840525	178924569	477542644
OurIMPL 7	577	680	696	3047	3786	7543	12480	182773	91458	342571	661199	903691	1669722	3034693	7518166	15174637	31768094	105235760	218739123	407323731
OurIMPL 8	549	479	627	4592	2809	4501	43170	95103	198700	430616	429334	812436	1571696	3269212	8243276	15408975	33229490	74574929	157336392	423141561
OurIMPL 9	705	718	608	6414	5793	76559	14965	47712	270550	588853	385933	1214874	2069652	3538291	8468034	18007445	40600104	103450588	151119050	421110871
JavaIMPL 0	491	431	721	3013	2789	4064	7851	18647	43848	149657	510822	373100	1241511	2242525	8052181	17260343	37940950	88205099	200960296	441050522
JavaIMPL 1	793	573	580	1448	1188	4349	19877	28148	52919	114039	285327	500844	1590412	2316890	5774829	13116277	27589025	56910808	179025422	438203073
JavaIMPL 2	724	353	617	3490	2474	3734	11338	24635	69264	149388	248610	648873	1418693	3223695	5750802	10787118	35368081	56567989	142330768	355626311
JavaIMPL 3	878	535	349	4889	2544	3044	15346	28986	53712	165404	280784	488276	1686377	2492213	6871988	8936739	26203024	67897649	160252342	382065555
JavaIMPL 4	611	395	642	1615	1968	3731	11227	25656	56656	103665	717084	2979922	7736517	11295567	26820313	90758313	31565002	67478681	158248933	387820080
JavaIMPL 5	420	771	425	4024	1795	4212	13782	15991	52740	142341	315561	508277	1299186	3188471	6542210	13227922	32267598	65667422	153195337	306103889
JavaIMPL 6	407	338	660	1484	1669	4897	7554	43769	68829	116623	284458	674423	1233596	3189739	6256939	12334368	29755665	50621454	169139908	416742209
JavaIMPL 7	368	320	325	3204	1652	2562	7154	28061	46995	105823	301645	467861	1624592	3290738	3127031	8626515	33029119	63233344	142150605	359991332
JavaIMPL 8	406	324	324	2147	1986	3520	12997	25358	44625	150592	302900	491440	1446342	3524902	6309126	13282210	26472373	63455421	158293321	336359661
JavaIMPL 9	389	321	350	2890	2477	3559	9733	22019	45650	173015	234143	955230	991678	2852346	5865465	15524029	25097715	57950149	143283674	421603692







-----------------







Starting RemoveHead Benchmark Sync
JavaIMPL 0	1301	443	481	603	1585	3918	6557	13330	27453	62478	124015	257350	503000	1061186	1351667	2980669	6698896	13664879	30744890	64251238
JavaIMPL 1	631	182	268	568	735	2168	3296	8358	17436	44393	71232	153894	385223	712389	1545651	3570024	8080696	14271237	32295456	70109422
JavaIMPL 2	797	154	324	520	1284	1799	3760	8362	18997	35086	78556	157223	325988	776999	1394095	3343832	7998845	15273544	41930993	69125342
JavaIMPL 3	670	358	338	674	1156	1680	2929	8047	14748	31194	98423	156260	301860	602863	1382098	5041347	7242247	15498998	34041440	72113014
JavaIMPL 4	676	167	445	557	1015	2175	3784	8414	15958	31334	67072	150252	313475	629335	1380878	3091374	6712077	14194742	28532751	73114960
JavaIMPL 5	688	236	362	468	648	1814	2929	7540	16381	30979	72001	142591	294482	750278	1381586	2818827	6449092	14420538	30608458	73958883
JavaIMPL 6	833	116	304	294	817	2392	3784	7222	17163	32068	66007	137208	325161	634387	1376155	2951422	6225351	14911916	28836843	60724758
JavaIMPL 7	626	153	436	366	781	1727	3753	7195	15799	33415	64530	155340	315723	627907	1580090	3105504	6371205	15073461	34371608	64005725
JavaIMPL 8	727	132	376	326	1082	1881	3695	7599	14441	30629	70226	166128	297905	602859	1406495	2912896	6747723	13074779	30931050	63544111
JavaIMPL 9	580	138	423	528	1258	1878	4056	7564	16837	33757	70352	172368	277929	652042	1495160	2978424	7187903	17152995	32237391	59701633
OurIMPL 0	5451	667	744	1562	2488	5102	10051	20101	39344	79037	164496	336427	689309	1393566	3365631	4261313	11284791	14594836	30051260	70080003
OurIMPL 1	7659	331	491	978	1529	3096	6332	12401	24539	49707	96581	201715	409401	813029	1801920	3476720	7226251	22577572	34099729	79502403
OurIMPL 2	657	378	455	1009	1524	3112	6267	12493	24509	48925	98673	199992	470391	849505	1940436	3582278	7645675	15334065	47489130	72505059
OurIMPL 3	578	360	435	1020	1535	3169	6181	12327	24689	49031	97526	211561	397636	798706	1864796	3882524	11568341	14719627	35714463	73144443
OurIMPL 4	752	496	653	1397	2154	4520	9040	17950	35314	71552	142775	299370	583279	1132279	2878706	3501815	7464998	14476595	45110248	58730587
OurIMPL 5	665	362	480	940	1533	3095	6269	13643	24815	50046	100321	242590	429196	979150	1830059	3542902	7241021	14814785	29885100	59088982
OurIMPL 6	612	402	490	1107	1631	3303	6661	12995	26196	50834	114957	198154	427280	822767	1861410	3521663	7835264	14313945	40076202	58936829
OurIMPL 7	674	327	463	962	1462	3045	6072	11918	23890	47222	96304	195156	395676	802295	1917159	5446805	7911072	75005114	29197976	71807636
OurIMPL 8	726	411	538	1074	1581	3150	6234	12483	24659	49515	99994	211996	412411	969322	1863911	3443018	11144910	23069469	43155176	65172112
OurIMPL 9	687	374	483	1034	1600	3262	6578	12781	24861	48578	100713	204375	435632	833756	1746493	3579941	7752479	14543165	41510026	63229045


Starting RemoveHead Benchmark Concurrent 1
JavaIMPL 0	638	284	486	570	1515	2616	4060	8123	18440	34684	77083	160996	324544	652669	1325860	3231223	7039532	14409562	28915425	60973886
JavaIMPL 1	630	359	218	527	1276	2246	4304	8820	15679	30497	70945	136320	311052	705329	1430038	2951865	7246642	14959249	33163621	60281658
JavaIMPL 2	638	107	372	300	1086	1810	3907	6963	13348	32741	65818	156669	305663	631343	1421655	2805573	6466040	14644345	29120310	66144083
JavaIMPL 3	645	250	196	611	1324	2055	4135	8532	16486	32833	66605	149956	382574	682933	1384158	2937108	6711050	20490219	34440879	74399628
JavaIMPL 4	995	317	201	796	862	1527	4794	7840	14735	35707	66069	148123	316013	601660	2773703	3181557	6881859	15572639	34550082	77365848
JavaIMPL 5	664	195	165	457	928	1840	4681	6799	16047	37254	77659	152016	331179	722239	2374570	3147572	7285952	20499252	34738411	99055855
JavaIMPL 6	1162	140	240	296	1199	1831	4207	8179	16499	30886	72649	147288	346182	821569	1495336	3356044	9136467	17223534	36364059	72642535
JavaIMPL 7	1417	237	288	530	1211	2812	5285	8598	20514	45023	87469	201082	388027	710981	1833054	3621320	9130597	19736163	39155024	77156271
JavaIMPL 8	850	145	247	1356	1742	2865	4750	7992	17992	35561	65111	146212	312291	746684	1461276	4529615	7367373	15049521	39202685	69762926
JavaIMPL 9	723	359	266	994	1379	3661	4870	11459	22313	42772	98968	269145	615192	1015027	1693783	3964021	7587214	18143574	35291616	72170138
OurIMPL 0	802	621	771	1612	2275	4530	6091	11946	23895	48054	96637	196252	527996	845787	1761670	3679264	7187253	14581551	30890175	93925125
OurIMPL 1	592	380	490	1034	1563	3138	6261	12875	24693	49215	96308	201699	391337	878538	1774030	5433257	14202948	20132322	31589910	62585011
OurIMPL 2	689	364	465	965	1519	3159	15365	12987	24712	50267	98615	211289	405466	882315	1822849	4330819	13652949	21250574	45203043	62923261
OurIMPL 3	839	544	714	1451	2216	4518	8936	11994	24174	47141	97842	194323	440394	798351	1721303	3576511	11486616	23002858	33319269	91374714
OurIMPL 4	1110	563	574	1169	1854	3666	8882	14688	29852	54040	107109	231050	454656	869177	1696332	4505284	7385879	14742515	43994879	86773065
OurIMPL 5	648	351	497	963	1515	3061	6137	11971	24054	47174	101433	254586	433557	854362	2442120	4005297	7780570	25227264	49597829	89176948
OurIMPL 6	636	393	497	1101	1683	3396	6817	13406	26794	53155	100391	246897	564412	1195304	2169718	3539818	10858673	17011345	37173219	100449791
OurIMPL 7	569	425	540	1012	1637	3274	6811	14602	27758	63228	128069	270701	513313	891427	2639302	7199887	10155594	22372282	54054504	80912265
OurIMPL 8	620	343	453	1006	1539	3138	6230	12252	24723	48461	100182	210385	401837	1145843	2518142	4320180	7810919	14957007	52087164	72918575
OurIMPL 9	680	381	456	959	1567	3057	6072	12037	23940	47122	95363	194278	475180	809302	3528822	6295208	11859003	18543915	35858871	121635413


Starting RemoveHead Benchmark Concurrent 2
JavaIMPL 0	86	842	273	1215	1577	3063	4060	16791	45044	102745	189481	397457	717921	1570008	3111362	6144333	12215827	24545718	52996569	115041954
JavaIMPL 1	89	692	269	1315	1190	3245	7895	16353	50071	89881	188296	382652	747732	1526251	3026110	5693016	14368443	25292978	55437251	105263124
JavaIMPL 2	134	1768	498	710	668	6868	15091	20138	47749	104743	197781	385851	691829	1471439	3104738	7690439	13765092	26637189	54559441	112653530
JavaIMPL 3	80	614	769	791	1222	1972	4042	27199	24019	80548	157551	370737	754293	1342122	3585077	6234032	13453994	26786782	48421688	99878857
JavaIMPL 4	97	1265	402	935	1125	2598	4197	11721	54997	109541	231041	448895	878654	1548302	3223707	6451318	12608065	26559543	50439811	96543630
JavaIMPL 5	74	735	351	808	2833	2216	12595	16231	57541	47376	129509	405895	874464	1556232	2858449	6415805	14124848	25462123	53061044	101679654
JavaIMPL 6	80	673	864	830	1136	2568	4337	16537	44586	97393	199709	362492	760030	1479484	3378395	6270278	12884223	26264266	53683626	103044948
JavaIMPL 7	77	691	360	884	1527	1985	4442	8764	34458	56808	176896	364305	761709	1764545	3003513	6842735	12059199	27686451	56137792	105742077
JavaIMPL 8	75	905	253	2822	1724	2167	9687	13126	44481	105041	189308	363820	746718	1586456	3158669	6563395	12336617	23527417	51767803	96808793
JavaIMPL 9	82	595	434	838	1177	3105	9247	20419	42091	99177	200681	115590	730990	1415730	3019987	6230749	11688940	24114958	53050641	102177695
OurIMPL 0	122	1344	1017	2152	1901	3899	11376	50170	38155	88272	207662	391416	900039	3326108	19952127	67147972	15017779	86664245	289794318	951561374
OurIMPL 1	91	699	693	1435	1858	3284	6383	12295	72276	81301	238712	447610	915200	4847201	3717217	92807754	137206194	298094919	490012759	936540721
OurIMPL 2	98	913	640	1109	3028	5025	15458	70458	37647	69606	272472	392482	19012298	1916237	26475049	48728645	178026457	162207698	427686514	644386475
OurIMPL 3	110	1373	675	1539	2772	3832	17984	18057	51367	112966	193647	450899	970751	1774832	3349596	68200495	92750082	155292775	324130554	77616775
OurIMPL 4	113	765	633	1138	2458	3482	6792	27943	44225	169527	227328	508926	885506	8158930	36096687	46551269	99249937	228588853	229730405	401450667
OurIMPL 5	95	811	738	1226	5247	5886	7584	17278	55512	106583	256350	448493	940949	8608878	32582407	32860077	163654063	151176115	261582627	375337696
OurIMPL 6	113	1157	790	2339	1794	5088	10567	16477	57358	90223	233833	476829	919787	1796888	49907384	32460257	107842673	146960631	273683489	861922396
OurIMPL 7	103	984	847	2639	2570	5351	8170	15792	32354	145258	295133	496674	932677	1900490	44289207	9634448	110536352	150861341	247638981	571114571
OurIMPL 8	79	788	712	1194	1806	5046	6938	26685	53571	129551	186423	449783	980180	1883248	4085907	53769972	88044732	230933289	546585731	686280108
OurIMPL 9	95	822	642	1169	2948	3339	16524	31523	51192	117967	246848	5346117	929732	15404226	8301693	52384199	120145751	243623184	419159754	265476712


Starting RemoveHead Benchmark Concurrent 4
JavaIMPL 0	199	198	1086	1145	2145	3640	4496	26637	47474	82067	192258	489326	1127894	2233316	4575312	8514527	16507901	34689448	70175388	142770018
JavaIMPL 1	215	208	1546	1137	1360	2293	8334	23076	53087	84822	161548	542632	1033620	2445351	4007502	8480174	15468942	30523333	64047260	132218260
JavaIMPL 2	222	149	2815	979	2003	2654	10482	23365	63212	54971	158876	257809	1180689	2216950	4226808	8422207	16046503	35989637	66821678	141738074
JavaIMPL 3	242	246	1633	1438	1698	3284	10847	34298	59467	122196	287841	555483	1150969	2264720	4139425	9565018	24754373	36237014	74522013	143944948
JavaIMPL 4	230	256	1338	1867	1085	2956	11059	27986	76935	128834	258474	563642	953533	2248439	3959676	7889000	15163948	37202056	69156717	146814049
JavaIMPL 5	150	159	1391	958	1910	3983	11043	11549	31704	119772	141840	480803	649100	1837461	3937737	8333700	20713864	46174150	77702838	178176410
JavaIMPL 6	174	183	1770	825	1251	2114	7167	20901	60548	120693	260701	566537	1139426	2266480	4228605	9559872	20077797	39267291	72387986	140205050
JavaIMPL 7	232	266	1577	841	1809	3016	4302	29918	56188	113347	215122	502336	1013288	2062045	3770868	8906057	15029558	31736462	71103500	139159544
JavaIMPL 8	193	255	1785	934	1857	2456	6129	30400	28065	128818	157529	502157	1140730	2200668	3837580	9318561	14913443	36491334	78106512	138912095
JavaIMPL 9	172	174	1720	871	2812	3508	5933	26412	62235	111369	248920	503503	1072827	2256269	4315639	8928259	19075278	37078966	75787108	156514628
OurIMPL 0	166	172	1127	1713	10027	10758	9569	29292	857084	74584	2413154	7228742	13751186	29699085	62041528	122570896	251592228	510513495	1029320905	2108702595
OurIMPL 1	193	194	3013	1434	35166	4292	13872	17667	94820	815904	1571358	6892042	15787697	33861107	66817270	127493600	256835546	509646267	1015170250	2085032680
OurIMPL 2	160	147	1573	1863	2401	4957	21456	35136	106712	1781110	3245418	6884474	15097700	30280196	59784920	128346080	251208044	532516633	1011467420	2045186185
OurIMPL 3	166	156	1933	2621	3046	6083	12192	23210	540616	1696441	2771899	6500276	12972068	29679813	66325813	125924716	260569050	706339854	1371693455	2227834312
OurIMPL 4	160	1151	1746	2411	5827	10089	26323	426652	1476471	100388	280964	17246683	13579451	34376655	69724838	163141507	338683024	527984291	1047487455	2283149441
OurIMPL 5	168	171	3449	3204	3942	5096	12580	54409	64047	4108764	3415410	9167973	21258656	34818683	74862568	139671954	285865365	550500368	1107708126	2542137886
OurIMPL 6	287	355	2208	1418	3798	4655	33634	81047	121473	103469	1880048	9341635	19271473	37695148	67327278	128013561	389098190	934192893	1093265052	1873911940
OurIMPL 7	161	157	1912	1329	2730	18397	34722	27880	659626	136712	3523902	7658718	16770868	37633343	64280685	127668657	262509787	497545154	1003763829	2027731149
OurIMPL 8	155	158	2116	3215	4749	4640	10826	20750	324748	1871844	1193349	5408569	15225423	32023656	61868707	128415848	258702372	511577759	1412851210	2145454720
OurIMPL 9	165	157	1774	3767	4691	3944	56255	116103	246194	730364	4629569	4639236	16006949	30023296	60005161	122715401	242194821	510341115	1088184580	2187193895


Starting RemoveHead Benchmark Concurrent 8
JavaIMPL 0	622	438	413	9835	4362	7454	11941	31780	76420	126508	174521	688596	1270303	2862539	4532467	17279470	20974332	42713531	79924655	162627978
JavaIMPL 1	471	483	440	2942	2008	6154	19986	32399	98566	112784	198742	667058	1324134	2657298	5415879	10372562	19785491	47665282	87548427	155013887
JavaIMPL 2	567	905	623	4005	3483	5501	17249	36620	69196	129553	375908	566611	1329921	2678487	5298277	10663325	20306393	47965638	99741810	200280083
JavaIMPL 3	444	476	376	2402	3686	3803	7883	26614	83282	167380	183683	578294	1385652	2163600	5522420	11007121	22805434	52254703	94605086	184183555
JavaIMPL 4	467	493	447	2923	1591	7786	17850	27590	89110	144779	297656	655346	1126388	2196828	4038745	9306199	19096746	30875348	102732657	191836073
JavaIMPL 5	322	505	466	1645	1652	3046	8528	15034	59613	131180	247645	448538	1457267	2686319	3562635	10147767	20754786	43054903	99607500	237324622
JavaIMPL 6	306	345	335	2073	2818	6247	12543	39475	76578	114554	267594	554879	1167316	2228384	4439918	9283956	20994416	36177384	129044530	174013953
JavaIMPL 7	438	386	425	1609	2345	4192	12752	29508	61777	206033	291895	481411	1341789	2644724	4240584	9640330	24752047	48572502	69592557	188693459
JavaIMPL 8	422	444	461	1924	2381	2666	19282	34999	77223	110025	213286	695632	1448469	2761610	5438775	11489591	26312829	52258310	92888433	194789541
JavaIMPL 9	564	584	564	2563	3166	7692	15515	71263	100673	94276	434603	546190	1435774	2714795	5209882	10603471	20410417	43343598	92929972	200276114
OurIMPL 0	316	342	362	3163	3633	7236	16313	278504	124485	255339	165028	4440684	9164187	33711164	68977253	133080740	269853184	682251657	1499525970	2373220479
OurIMPL 1	387	503	781	6842	4784	9817	17205	185132	768569	565145	6039377	2299650	35825093	51468538	73562944	161400320	290573019	558459514	1125456916	1996315503
OurIMPL 2	549	517	621	4271	4300	11053	15415	96114	920076	341706	206138	10828239	22481701	40954896	72864615	154148250	327509755	556371238	1561345046	2376020305
OurIMPL 3	614	493	610	3372	2815	6338	29109	20976	777131	539119	5664271	8494047	19043662	34020216	70741535	150903754	278583760	568702235	1198651488	2283844951
OurIMPL 4	473	412	506	4691	4796	56211	11263	55057	373370	356777	676517	8058533	20405940	34391264	74620651	152765033	274118141	542598831	1128466233	1443193910
OurIMPL 5	477	382	553	2215	4061	52410	7936	171431	315906	571687	1125703	3749380	7167195	29623492	68431326	134623363	273391356	429148722	1037263229	2201471304
OurIMPL 6	336	382	396	3914	4063	7079	8575	487947	345589	1567134	1770401	8333222	17727023	34057796	63623116	135672965	261478930	549748651	1096738634	2168592297
OurIMPL 7	333	329	320	2163	2630	5004	12830	674185	284986	1124462	2929896	10470428	23756618	36381433	92100672	149231355	299446526	590715829	1132039157	2727722714
OurIMPL 8	336	388	405	3192	3662	11314	39987	56049	78026	2593813	396803	4168898	14355707	39178440	70005886	151061125	239115086	562437529	1137924133	2260698397
OurIMPL 9	498	380	376	44011	3227	5040	13385	33248	905242	1971333	2728381	8687032	7861090	34957798	68133555	143571921	213338080	389129729	1078079611	1925654283







---------------







Starting RemoveTail Benchmark Sync
JavaIMPL 0	1469	575	754	1371	2348	4189	9602	20621	42497	73568	146488	354618	697719	1446954	2595072	7109458	12847944	26045763	50415917	104922795
JavaIMPL 1	554	296	450	944	1543	3722	6770	14175	38990	59279	132393	281613	614204	1249395	2680011	5979898	11652661	30989555	49164367	102339777
JavaIMPL 2	683	200	367	834	1598	2580	6267	14069	28917	93130	203499	284937	625564	1350810	2904134	6670199	11631655	26310223	56791206	106623078
JavaIMPL 3	644	269	325	677	1683	3233	6012	14985	29615	68567	127452	304747	602529	1375430	2779654	6085527	12065080	25347757	56367492	116720159
JavaIMPL 4	655	201	345	900	1585	2616	7071	13353	28014	60780	129172	255791	575925	1156182	2442085	5028953	11007591	26303308	53546989	114442698
JavaIMPL 5	561	198	515	877	1701	3367	5604	14080	28151	62305	124047	265886	550984	1240542	2413374	5293055	11034745	28863399	49455731	103200138
JavaIMPL 6	615	255	302	621	1634	3077	5856	12111	26261	60952	126567	275319	556341	1250112	2490357	8409493	15640779	26159189	55447997	106232727
JavaIMPL 7	549	273	301	867	1275	4188	6852	12703	29891	64564	137980	331360	668307	1337619	3342318	5542711	11431806	24918113	53172246	112165760
JavaIMPL 8	690	256	413	1097	1562	3316	6365	12756	28900	62794	124671	278314	747899	1340910	2704815	5715374	12197953	26825549	56205914	116510807
JavaIMPL 9	605	179	253	660	1710	3787	7059	15455	56812	94035	164607	353571	587760	1217778	2808470	6891269	12107977	24247747	51604188	109162280
OurIMPL 0	1385	847	996	2027	3661	7137	14835	29606	71040	144286	374804	541501	1257529	2477035	5234676	11153733	33818405	156874275	724184056	2357636805
OurIMPL 1	9917	426	597	1421	2408	5058	10624	20975	42795	91473	179259	371192	13927894	1579578	4012277	10011302	36247727	167016750	404468185	1747568793
OurIMPL 2	831	394	591	1412	2300	4697	9681	19743	39659	86323	165552	352142	711333	1544924	6641118	10441009	37221351	136935522	555818876	1698540687
OurIMPL 3	714	569	842	1856	3344	6705	14179	28477	58061	127689	245446	468992	927025	1799175	4385525	8783154	35509668	165518316	559837129	1564390361
OurIMPL 4	620	394	580	1312	2367	4945	13478	20999	41827	90294	174690	367799	763926	1606432	4237373	11869120	37637109	159966513	729929452	2092788605
OurIMPL 5	554	421	577	1318	2456	5037	10127	20007	42150	107589	178884	367412	809676	1743318	4139350	9025714	34842937	168332495	413505058	1484193607
OurIMPL 6	779	406	9762	1276	2308	5850	9431	19351	39603	84733	165678	414441	766478	1596802	4014989	11202742	30721509	162600699	435103035	2206036029
OurIMPL 7	670	413	573	1301	2266	4653	9890	19709	40666	87250	169522	356689	759046	1534222	3993155	10102252	27192146	149583443	578645851	2426540076
OurIMPL 8	496	390	580	1284	2300	4826	19141	19729	42054	87061	193710	372199	795808	1672996	4525204	9938309	38119082	160391239	644436279	1714640643
OurIMPL 9	912	538	900	1887	3306	7178	10345	26874	45476	91192	181030	393796	939617	1794138	5011346	10639844	34987505	159799900	537977746	2227874387


Starting RemoveTail Benchmark Concurrent 1
JavaIMPL 0	573	262	475	687	1601	3183	6511	14180	30237	59715	130462	342826	639564	1285813	2462035	5730965	12996795	26307423	52705884	114103027
JavaIMPL 1	850	234	412	608	1281	3339	9216	17694	41282	82152	187438	361183	697264	1352347	2545105	5368976	12172382	25761477	49926752	120645444
JavaIMPL 2	562	316	381	685	1590	3244	5803	13027	27743	58613	120141	257497	622730	1296323	2633358	5396009	11972364	27083525	52347812	115725594
JavaIMPL 3	659	333	403	968	1646	3442	6538	13351	29250	62241	126291	311444	649526	1560521	3288023	5441672	11331915	25449338	54289186	112186439
JavaIMPL 4	2305	231	409	882	1382	3009	6111	13705	30834	67386	140653	284024	639075	1353498	3347655	7111897	12533241	28159957	55091558	136661285
JavaIMPL 5	590	180	262	422	1600	2949	6765	13456	30352	62870	147784	287427	590391	1194924	2465541	5210400	15853867	23368137	50071504	108400153
JavaIMPL 6	600	368	438	1310	1660	2808	7218	23283	29652	59696	124026	264696	573151	1181885	3776862	6516271	11925838	23809124	52331747	138241824
JavaIMPL 7	540	191	414	803	1692	2993	7324	13225	30439	59481	129357	319675	811313	1248755	3221547	5214590	10292895	28136317	54856687	114305512
JavaIMPL 8	701	181	258	898	1604	2829	6511	12985	30236	60640	150082	278504	607972	1359787	2642876	5815885	11769862	27452119	53566353	114696391
JavaIMPL 9	618	243	381	482	1672	3391	6967	14370	28437	61800	161697	267531	612582	1189640	2704149	5404911	11964367	29902364	55845418	109811828
OurIMPL 0	447	513	671	1295	2386	4971	10020	29152	40840	108471	188461	416864	789337	1791097	4608686	9223038	36333508	163533514	461255203	2059187519
OurIMPL 1	646	521	686	1527	2745	5546	11422	23091	46653	101833	235173	401615	780097	1876806	3996800	11010594	38313997	155897093	730851537	1509667462
OurIMPL 2	587	415	566	1296	2323	4809	10236	20924	51562	89982	189055	442588	859302	2191867	4471912	13073241	40975280	178350127	763439215	2560921959
OurIMPL 3	525	481	686	1561	2702	5605	12214	23193	47796	101521	182412	376404	792032	1743511	4463530	11010668	37050809	153393427	733998081	1524638277
OurIMPL 4	1438	588	603	1343	2482	4985	10460	20970	66005	100969	224421	433125	811375	1605391	4865358	10858710	33860466	162770684	454102914	2219622440
OurIMPL 5	806	480	778	1712	2799	6140	12590	39616	44069	108428	178392	375182	724242	1898321	5772489	12076093	43084275	165548404	757579318	1483402809
OurIMPL 6	459	407	567	1322	2391	4877	10274	20399	42130	89584	176478	406225	863595	1573884	4234748	10922506	29588267	163792269	469813827	2323408659
OurIMPL 7	653	578	872	2019	3438	7235	14890	29517	60886	132053	254319	549030	1127896	2295371	6109449	12231643	37061704	161191955	706332022	2728469232
OurIMPL 8	710	524	898	1875	3260	6704	14501	28499	60070	126787	247374	461647	944875	1848152	4427038	10520236	34672107	145214093	736747245	1614893839
OurIMPL 9	900	406	567	1232	2294	4686	9977	19845	40589	88604	178283	361501	732927	1708174	5041328	11983384	36499705	135683829	762246431	1553054345


Starting RemoveTail Benchmark Concurrent 2
JavaIMPL 0	71	642	365	1433	2368	3975	6227	28630	27965	109337	173374	478916	989901	1982813	4084297	8165861	16458997	41217562	76400914	146477628
JavaIMPL 1	79	727	361	1056	2781	3429	7561	16691	29129	51265	232475	451007	969267	2027573	3893994	8136079	16805399	35245976	80958820	160322021
JavaIMPL 2	79	654	456	1027	2768	2892	5678	10305	43510	74362	222569	397955	956030	1910868	3927032	7858821	16752954	37320744	74236348	156102310
JavaIMPL 3	72	584	592	831	2256	15190	6371	25005	22911	94978	209039	413666	980415	2157663	4708235	8883577	17055684	42286883	74077390	159853586
JavaIMPL 4	77	620	428	625	1713	3639	5851	18219	28606	81954	191036	448438	941538	2436076	4393795	8142995	21228925	40198738	83201213	169203536
JavaIMPL 5	138	1527	533	955	8722	5275	8447	15343	45289	84359	214921	428284	877999	1902297	4020994	8022337	18674018	35149588	80781415	162549351
JavaIMPL 6	78	689	378	883	2325	2961	6811	27151	54788	53236	170893	432832	900920	1886114	3808500	8257110	16513246	44470597	73408412	151242810
JavaIMPL 7	73	700	382	1019	1488	16086	7358	13287	29803	102182	200170	406835	879987	1936979	3967104	9251597	20783074	37283233	86155179	154383295
JavaIMPL 8	75	857	296	1522	1788	3071	6842	14515	38827	101045	210657	439779	900740	1893766	3720643	7626269	16110833	43355464	77546185	154539566
JavaIMPL 9	80	752	357	950	4685	4175	6019	13131	46022	104575	222059	414474	892002	2093154	4146041	9402028	19727017	38042964	80259649	156939471
OurIMPL 0	91	683	683	1291	2418	5419	10045	35290	56961	154250	316723	644437	1282327	2594926	5411841	13574058	30587814	80683522	196229071	1021185676
OurIMPL 1	74	672	711	17305	3330	14228	10817	20814	83582	137032	292382	677769	1296134	2505968	5524016	14228844	27953425	76170745	641893366	1413195515
OurIMPL 2	148	1224	1177	1964	12564	5488	23642	23503	88398	119309	256548	623289	1301716	2882825	5911659	13550396	31081805	83842633	324972950	917066247
OurIMPL 3	78	637	707	1755	4124	5215	11157	20105	45604	170685	307169	677572	1328418	2497758	5768019	13106615	27410559	79209962	346583256	1273790477
OurIMPL 4	123	1464	992	1460	4230	6010	11152	27530	71486	170917	353378	693882	1374305	2937945	6838636	13602562	34359248	98124509	325343755	1040515942
OurIMPL 5	128	1347	1131	2736	3773	7404	16132	35672	61266	149849	362069	857522	1659680	2570027	8223137	16093790	30264203	74831702	337719530	1446092628
OurIMPL 6	120	1170	849	1464	3813	7479	15788	63108	92757	153851	354376	778005	1193043	2566493	5292830	15805547	29065173	97555123	414418535	1152839204
OurIMPL 7	107	1225	825	1442	3041	6283	11920	23296	91427	174928	326182	673681	1396351	2983295	6256436	13687062	30659799	77476640	307960277	1534928208
OurIMPL 8	111	1219	1043	1912	3603	6282	14846	26867	65660	184374	300307	628084	1283968	2824272	6984869	13646992	30273891	78979949	325515281	879971886
OurIMPL 9	89	679	755	2330	2982	20168	10953	39496	61464	150847	356615	696200	1546302	2745834	5487085	14194621	30578560	183905078	187863948	1529472559


Starting RemoveTail Benchmark Concurrent 4
JavaIMPL 0	163	164	1510	1263	1891	5406	7846	23460	36141	80006	135388	581233	1420705	3047138	5988255	12435134	27296831	49259230	100760820	204935176
JavaIMPL 1	153	147	1422	1532	1568	6341	17880	16983	49994	78555	124480	392200	1432469	2639489	5714374	11271920	24572798	50361286	103091257	209817402
JavaIMPL 2	164	270	897	2125	1321	5229	20857	19293	49123	82927	143788	669240	1461726	2747703	6190384	11856748	24071674	50548455	104366329	203506582
JavaIMPL 3	170	178	2408	894	2869	8138	16329	32841	43414	154378	276545	550084	1382446	2692568	5340989	12053821	26691695	53172066	94548587	219966261
JavaIMPL 4	158	167	1408	1390	3603	4484	20065	16417	50634	105355	197626	437248	1489369	2930038	5205612	11533064	24273827	54327944	94858188	211581995
JavaIMPL 5	174	276	2306	1813	3310	5080	13890	41347	56272	152183	397690	724370	1549817	3550639	6445209	12853309	27385604	50906754	104010940	226306577
JavaIMPL 6	155	156	1336	2439	3712	5295	8006	18626	51841	72526	276969	610735	1352600	2305772	6990653	12067200	26656661	53491902	106211326	219552037
JavaIMPL 7	171	183	904	1403	1913	5219	11183	25040	49456	99453	204069	690774	2047253	3474351	6663989	12710784	26236452	52322762	107762687	219100201
JavaIMPL 8	193	248	1039	2027	2255	5777	10342	19744	36321	108169	170394	633279	968200	2648174	5871943	12026574	23260767	54673484	101904222	215392253
JavaIMPL 9	165	158	1750	2035	1967	4644	7147	16524	49923	83078	312768	515313	1487752	2869048	5820929	11525275	26708114	52858999	104179746	213833740
OurIMPL 0	153	143	1766	2591	4742	10507	17559	57465	45310	179538	332292	750378	1763230	3421012	7155444	14524835	34021971	74819094	236733200	705760761
OurIMPL 1	206	236	2400	2671	5964	10825	58670	47134	194449	170866	743091	870308	2588919	4849307	6569162	15840453	36648952	76844015	208730052	645422074
OurIMPL 2	279	154	2078	1901	14389	6574	12162	97627	123407	247872	442105	835935	1906812	3999455	7072425	16474459	34159061	88757486	185319259	466885854
OurIMPL 3	176	236	1580	2161	24834	6679	25075	30850	130042	155750	285421	965890	1985331	3996932	9516536	17171066	36496372	81339495	208856422	510566045
OurIMPL 4	254	236	2201	2197	4991	8480	115093	47630	239060	364335	522651	751928	1545317	3683716	6550166	17121330	34098442	82052338	211036370	453256023
OurIMPL 5	214	224	2009	2969	3034	24579	13957	27326	165446	131104	321843	948601	1944315	3862056	8438038	16799833	39645205	78445221	240127215	489352926
OurIMPL 6	248	194	4149	2753	3802	9561	67968	19726	126895	226986	546853	1003848	2242537	3934202	8329162	17398947	33864898	99116854	235002823	807024801
OurIMPL 7	232	279	1455	3533	3968	6755	12474	31448	86547	130639	472629	1051999	2623373	4337888	7810325	22759284	36421760	113620259	243930850	798888406
OurIMPL 8	213	249	1434	1579	4794	6557	26261	76815	95346	211647	464081	726621	2091463	4065192	10633658	18305065	42648049	99284410	244443928	841913822
OurIMPL 9	194	173	1353	2259	3844	6290	38635	37866	106778	102329	391652	1575936	3192418	6875616	11874863	19099297	44511422	83844194	203452310	482468100


Starting RemoveTail Benchmark Concurrent 8
JavaIMPL 0	375	414	336	2671	2980	4183	12518	37593	76979	143447	304780	566598	1223231	2948312	6337121	11067818	31039141	66978270	129282746	220371781
JavaIMPL 1	363	642	400	1270	1805	3318	14995	15430	53033	139673	224100	470194	1316513	2259597	5026381	11718960	21741522	62959010	112279344	276789529
JavaIMPL 2	362	384	520	2493	2493	5470	11665	38161	70068	122471	237666	431840	1273634	3578880	5748495	13983098	30188140	65504627	127169492	253451373
JavaIMPL 3	342	373	350	2661	2350	7419	19485	32771	73747	160161	287529	473202	1087267	2539693	5987856	8460383	25140110	41784727	107358934	261745785
JavaIMPL 4	335	363	420	2862	13129	4082	9737	30601	73471	155368	230700	473557	1335844	3822709	6850917	14785369	29857171	58647668	102862914	276436635
JavaIMPL 5	348	531	381	2348	4453	6637	10400	44511	69732	194142	385354	886835	1303301	3408376	7070505	13300813	27444804	60844430	133572054	255790055
JavaIMPL 6	458	505	550	2651	3244	7688	15203	29369	87845	189527	353611	686832	2211764	4742940	9774364	19877091	38420497	72396046	133706953	246853028
JavaIMPL 7	352	461	347	2880	2229	6759	24724	29381	149896	1155911	1602258	3419643	7534226	15671340	32133133	71372016	30822949	62247196	134182496	252122864
JavaIMPL 8	331	428	470	1577	1811	6576	7807	32897	58156	140755	219565	498535	2082527	3561719	6757289	11032760	24779217	46811508	132882112	243781658
JavaIMPL 9	665	651	451	6428	3567	5011	16933	24420	70806	156166	373493	875085	1137471	2398653	5811131	11318736	14014250	41354479	111751480	264550735
OurIMPL 0	322	337	417	2761	3507	11004	29085	69721	220107	189857	378038	835559	1754758	5354885	10634452	22522500	62927131	112021599	245766203	475171512
OurIMPL 1	384	725	572	2938	5397	12851	16887	47349	203351	166635	433031	533800	2186742	4395950	5972960	21563506	42250537	90579781	193702173	448075503
OurIMPL 2	412	396	400	40937	10801	6594	37068	33180	193749	254216	389378	1400528	1898753	4913966	8226702	20980686	42683993	106161254	177378345	497984021
OurIMPL 3	671	552	617	3857	28947	19987	27541	35844	170192	236214	704234	943878	2309249	2879876	9015115	14082585	27003720	81691039	163087548	445852454
OurIMPL 4	399	332	385	17251	3512	8419	20929	27039	121144	248935	558480	996710	2706014	4969636	9879565	19831658	33618907	97335946	195078298	490360799
OurIMPL 5	397	580	486	3525	5897	9496	83224	48059	124734	403368	761047	853760	2297910	5543095	10704225	21812673	41326497	107795157	208610150	529898200
OurIMPL 6	389	449	485	2429	38620	17982	33204	90668	120370	134790	492495	1359016	2856864	5787605	10614974	24546478	47875186	260067280	322658298	962105113
OurIMPL 7	655	387	320	100919	5690	10522	19249	36418	123524	230381	333890	899741	1475099	2222851	9538441	21097306	45041921	90179564	192728443	511888856
OurIMPL 8	444	409	668	3007	5557	8912	15833	44787	145908	197333	533724	828183	2704266	4006322	10077681	24861490	61153095	105892132	220009621	512500170
OurIMPL 9	383	311	300	2868	4704	10772	14356	55167	98802	157450	501655	716547	2124042	4479464	9968688	25696971	38756319	58116813	202137802	433477796











----------------











Starting ContainsRandom Benchmark Sync
JavaIMPL 0	31152	1951	2237	3493	6616	14635	31497	70265	218262	285570	345245	586625	1246872	2645801	5148691	12370732	35348839	88208293	242916297	487209465
JavaIMPL 1	433	118	342	391	990	2161	18346	10814	24120	89556	133042	304674	725118	1741288	5289615	12321031	31053535	74673617	185793877	453208269
JavaIMPL 2	453	199	404	891	1753	3428	6718	15104	38841	73981	167392	389125	906419	2049511	4408557	12301534	29282525	69097803	205356550	478773170
JavaIMPL 3	476	138	213	417	898	1870	4553	10354	24219	51905	166105	300202	680960	2022505	6235556	12766932	31209835	76688694	175996206	467411452
JavaIMPL 4	642	100	182	560	974	1879	4300	10278	22843	50884	118546	283687	730126	1692085	4045016	9910623	28948518	70343436	171598447	478501199
JavaIMPL 5	462	165	359	479	891	2424	5245	11339	25453	70515	159551	359838	865451	1871735	4472731	11784826	30261823	78578767	189165117	460420153
JavaIMPL 6	410	148	284	482	1083	1975	4178	10582	23243	59099	164678	339398	766019	2153902	4284168	12280275	31774426	86595033	201031105	456835108
JavaIMPL 7	350	139	232	540	911	2104	5326	11906	26579	109888	140928	365080	1347626	1906125	5022538	12419845	27894479	77112876	184340190	478679687
JavaIMPL 8	439	105	246	522	939	2528	4802	10911	25221	53183	133084	289925	732815	1669483	4185157	9846742	30529142	71054972	185522271	537602785
JavaIMPL 9	374	132	201	504	885	2248	5544	22015	26475	60259	130750	296769	768073	1782428	4358698	12161972	28513480	78501944	171365092	424449365
OurIMPL 0	9452	2122	2821	4666	8597	18055	76402	75910	326901	385040	483114	736292	2313721	4987962	10008360	24569884	70978358	254419476	965887219	4304074548
OurIMPL 1	10792	265	426	901	1619	3452	7255	15862	34774	74157	213603	420794	1238395	2384188	10548976	21087702	69593384	284734752	944038930	4449435706
OurIMPL 2	387	236	430	846	1593	3546	7478	16127	33896	73507	176208	435728	1675017	2513055	6321820	18860397	45658343	172481644	772436561	3647701807
OurIMPL 3	479	232	430	859	1649	3662	7357	27055	33669	81876	210093	459296	1005459	2819490	7483443	19170300	65255596	206719177	639608965	3290565180
OurIMPL 4	390	245	417	826	1566	3292	7114	15165	32237	70885	166394	402938	949709	2637044	6188562	22912588	65544903	247931184	739345222	2940919363
OurIMPL 5	398	268	460	879	1923	3819	8049	17571	36305	79299	185567	551746	1084727	3763926	8729391	19942528	64347544	237230920	558435000	2951650778
OurIMPL 6	546	246	442	882	1775	3579	7509	16043	33980	74158	175096	414630	983400	2718124	6231433	19370946	69609453	232422905	647510261	3172169781
OurIMPL 7	633	297	502	1024	1981	4195	8737	18343	39495	85659	197311	452211	996387	2369956	5644930	21916659	66488369	153779210	639841113	3161798731
OurIMPL 8	432	285	481	947	1877	4065	8703	17917	38863	84238	196545	476410	997991	3432225	7948586	17325378	47512030	179037581	770608533	3667309118
OurIMPL 9	613	345	601	1177	2364	4968	10276	22704	49421	105793	251161	595451	1388344	3135916	7546347	25339488	58132505	223681394	974038991	2148417047


Starting ContainsRandom Benchmark Concurrent 1
JavaIMPL 0	441	118	223	486	1101	2579	6134	12946	29102	66767	188361	427853	937541	1908995	4162687	10025144	25210181	76287915	165955855	425441922
JavaIMPL 1	400	140	277	429	948	2291	4765	10668	24977	51039	121550	292196	675738	1738053	5408599	9999067	26288994	73357055	182122968	506665586
JavaIMPL 2	379	189	274	511	947	2099	4583	10408	23499	53838	123983	292004	769466	1679115	6263503	11488094	26600955	68873608	158495169	434347861
JavaIMPL 3	376	126	320	518	954	11523	4746	11394	23406	55600	147375	294871	816725	1820628	4743038	11995238	26046916	68917709	166169099	429065041
JavaIMPL 4	372	198	267	482	968	2200	4891	11347	25796	55048	123562	286163	723615	1887359	4165887	11258844	31334593	71151456	175487994	419139585
JavaIMPL 5	403	175	276	442	827	1683	4946	12490	26496	53873	121818	295227	769539	1809873	4232950	10088158	25325072	75342631	186889551	426379282
JavaIMPL 6	385	195	275	437	1029	2044	4342	10639	24466	54270	125479	289971	709381	1717972	4229222	11651748	30003439	72333544	179327515	436430822
JavaIMPL 7	368	119	213	504	803	1797	5403	10948	24074	55569	124719	299107	673471	2894164	5732520	12776657	25476193	74906151	183384230	442863096
JavaIMPL 8	360	112	230	415	883	2365	4941	12012	24820	56255	127305	332291	728771	1710277	5047365	10825872	25711541	69646396	177697195	440843118
JavaIMPL 9	382	95	319	487	1070	2106	4400	11707	23679	53052	123370	284572	667907	1663874	4084849	10155582	27959473	73261818	190573711	417910105
OurIMPL 0	619	265	439	854	1645	3371	6874	14924	32131	68977	164249	395158	917303	2266407	6248825	18975590	57123460	222783660	884328167	2232267483
OurIMPL 1	489	295	480	999	1856	4046	8478	17937	38218	83543	197196	432158	967349	2392975	5713019	20752986	63327035	222822691	619223839	2903910192
OurIMPL 2	698	293	440	854	1669	12635	7058	15582	32257	70615	164694	393547	915658	2274262	5908506	21498741	66244335	221289280	891599597	1694452770
OurIMPL 3	736	247	445	860	1649	3395	7708	16228	34049	75203	179443	466469	998012	2486968	8353781	20069515	73177565	227488233	457522698	2289819938
OurIMPL 4	667	222	408	831	1566	3244	6995	15201	32013	70099	164109	431289	934486	2855750	5665558	20716031	41834911	163912537	741758094	3561530568
OurIMPL 5	596	265	443	865	1675	3550	7414	15959	33672	70000	164592	393892	961050	2596839	6336334	23993332	59916811	216990067	907181216	1858097061
OurIMPL 6	437	270	458	896	1719	3630	16636	15263	34329	75298	176288	427791	953391	2309463	6058203	20336579	64946747	225239478	925718817	2372525154
OurIMPL 7	437	279	9870	842	1570	3318	6975	15036	32185	70911	167229	404369	942297	2508153	6033580	20741878	66757165	238799476	663567606	2897218670
OurIMPL 8	605	274	426	821	1643	3349	7990	15587	33666	76458	172925	404835	991852	2239617	7846232	18907396	61876985	152496972	783053825	3467951643
OurIMPL 9	613	247	437	879	1657	3565	7151	14936	35521	73302	175202	414060	952989	2272865	5833770	16831708	55299785	200439276	851366867	3964168289


Starting ContainsRandom Benchmark Concurrent 2
JavaIMPL 0	299	542	277	9877	872	2401	3928	9895	21193	48726	114962	268805	620787	1441389	3601449	8588151	22275834	55269717	129159493	331206486
JavaIMPL 1	296	721	254	399	924	3358	5328	11931	24900	55530	118707	311115	602298	1535017	3505305	8928132	20443302	57994895	134761642	351430045
JavaIMPL 2	306	467	398	575	725	1614	4223	10280	22628	51658	109842	256753	600832	1557304	3701117	9079079	21582603	56463358	139092367	333757053
JavaIMPL 3	331	241	650	401	1112	2325	3594	10721	22767	50080	114272	266426	689132	1488969	3792981	9141382	21979394	63868345	131732931	340980583
JavaIMPL 4	576	264	156	559	1209	1799	3405	9794	22105	47402	104867	257730	610711	1464392	3595483	8995638	20850772	57245379	140686866	372559757
JavaIMPL 5	285	255	227	607	909	2645	4961	11270	23206	54218	116654	301160	602124	1504972	3482403	8898503	20469338	53173032	145088512	334162118
JavaIMPL 6	626	392	515	563	610	2022	3848	10241	23281	46913	111370	257086	586420	1471577	3565690	8470443	21303684	53573356	135823762	352120272
JavaIMPL 7	291	492	630	524	1194	18476	5053	19556	21560	67281	130837	278872	643495	1513628	3935871	9176463	22682505	58142768	139676810	350633100
JavaIMPL 8	362	453	394	326	986	1534	13738	17633	19768	46128	111833	269737	589654	1410846	3609146	8633940	23100054	58925835	135030037	356367367
JavaIMPL 9	578	252	455	401	742	1871	6161	11329	22381	52727	114768	262308	649143	1529271	3676630	9114743	27757530	64984675	143634797	352888471
OurIMPL 0	506	377	389	11431	1657	23761	7124	14547	50990	69613	149689	341294	792260	2020140	4608932	12014427	33104018	102498396	386626993	1611214373
OurIMPL 1	239	438	668	817	1375	13709	7733	25497	50603	70055	150220	345350	840234	1965830	5120947	11483078	43070608	112003930	371958569	1199629401
OurIMPL 2	294	354	396	1078	1535	3548	6884	14841	31376	78696	150793	345754	858110	1899972	4582986	12511038	33339595	108116230	396188337	1313967738
OurIMPL 3	318	316	669	903	1539	2959	7850	13913	32104	69889	148983	347113	853918	1940406	5283872	11579460	31159905	102910546	366423502	1431747418
OurIMPL 4	357	339	616	1434	1763	4015	6834	16345	38743	75661	163512	397540	1316056	2060798	5123507	12373783	34091315	108212459	365063965	1679396462
OurIMPL 5	350	327	379	1338	1805	3470	6081	15201	50523	69735	148780	344644	803606	1974150	4427948	12151615	34640821	98091596	383592447	1616270407
OurIMPL 6	312	396	432	846	1532	10112	7320	15465	32223	70922	167608	350138	808571	1921888	4797219	15742953	30259499	93480552	355095849	1642639468
OurIMPL 7	327	336	688	2427	1471	2970	8340	15402	40905	68900	149635	350067	844228	1918329	4534274	11876429	34118059	105911620	229057386	1269732613
OurIMPL 8	504	370	465	1493	2627	4951	7104	17620	37739	82162	172602	394542	847994	1936677	4887405	12657794	33785979	100299081	388113517	1135057695
OurIMPL 9	297	544	449	743	1953	3129	7381	15940	33308	69928	153437	350183	814269	1900041	4570319	11901849	45513242	106823644	398336821	1697109874


Starting ContainsRandom Benchmark Concurrent 4
JavaIMPL 0	329	270	1323	562	1349	2489	4320	9352	17546	45333	102925	251948	698182	1255972	3094294	8087433	22159623	59347354	128585739	312348446
JavaIMPL 1	403	363	392	790	623	1635	4144	11202	17412	43969	102519	237230	540540	1281715	3109456	8531285	24272208	51259502	127033075	316609967
JavaIMPL 2	388	599	666	516	1104	2685	6700	10787	28831	56156	112225	258054	609741	1467931	3279333	8738894	20765589	56007615	124369585	325596475
JavaIMPL 3	697	353	861	836	848	3272	5224	10398	24125	55141	133041	264431	676690	1529532	3593016	9450351	23313172	61378651	131347342	313425213
JavaIMPL 4	366	382	416	968	718	2365	3496	7230	30195	47642	113664	254390	584111	1354842	3327587	8444586	23206722	55980588	157467265	315122722
JavaIMPL 5	391	398	811	372	2229	1956	4345	11696	21993	48305	112004	254318	572430	1271076	3164698	8540104	23424383	61894118	155783305	310356889
JavaIMPL 6	369	194	656	818	952	3075	4346	10335	32373	53154	125858	349900	692761	1569363	3358635	8650770	23370799	52392669	134937827	348289357
JavaIMPL 7	1040	270	1048	705	1441	1515	6111	11006	30649	56834	135989	314595	729519	1629196	3800334	10710574	20532213	54231499	147999111	341312733
JavaIMPL 8	722	249	775	586	1033	2356	4917	15723	24162	46768	113172	1041004	2436789	6092038	13168812	28080755	51185696	92764921	168125158	319462658
JavaIMPL 9	378	312	440	889	859	1838	7602	11981	23911	44886	125329	259623	615057	1417988	3492131	8894003	24362979	55564200	144501931	319745240
OurIMPL 0	964	368	1366	991	1409	3731	8361	14260	52221	77621	161790	368545	837553	1734183	3928118	9277072	23779348	65729347	212176150	759218891
OurIMPL 1	463	497	5159	1349	3063	6952	7395	20104	36394	82459	175730	362995	848298	2110320	5122514	11034867	27823488	74783137	177647483	656370957
OurIMPL 2	549	340	1121	1034	1950	4838	6861	13406	37856	76833	165095	354639	831645	1885211	4528213	10697089	33141118	81150864	228329864	798150959
OurIMPL 3	698	318	976	1427	3418	4278	12328	27488	39282	80289	168549	360467	840119	1939717	4558394	10675577	28002766	80469104	221906350	804975486
OurIMPL 4	365	242	1554	998	20163	3963	7503	18847	34404	78802	166036	361290	841376	1880206	4637852	10809708	27382969	77427784	286254367	584386788
OurIMPL 5	599	347	785	1123	1821	5916	7505	19183	39489	79116	168071	365945	854373	2006082	4598096	12137527	31819081	82400469	223094496	764595891
OurIMPL 6	661	643	1243	1460	2528	3888	11023	23060	56438	89072	200863	431827	1023018	2863520	7370344	16205304	36884164	65224864	199233158	764140888
OurIMPL 7	632	598	1149	1840	2538	5298	7520	26697	42406	86260	205114	522613	925172	2812034	4885678	16067896	31595325	74167092	220858967	798750193
OurIMPL 8	489	519	688	1686	1523	5235	8765	14187	34491	76918	161493	363742	836704	2056531	5449939	12948698	35211590	83324186	228468462	813753813
OurIMPL 9	609	294	1506	1455	2328	4434	7533	22772	51865	88591	204072	429758	913335	2925880	4639966	11423121	30059271	83146276	230531276	596041500


Starting ContainsRandom Benchmark Concurrent 8
JavaIMPL 0	757	632	718	1152	1729	1923	3596	12119	19230	49707	129000	276156	718347	1746635	3715860	8542169	20122781	69839098	155144899	361847781
JavaIMPL 1	1391	792	1895	2068	1558	1486	6429	9810	29278	74076	149356	365565	818065	2037816	4743445	9594962	19596824	55962022	139400404	347488251
JavaIMPL 2	764	366	361	1120	1126	1495	3530	7134	15050	37657	88272	217106	707761	1789576	4040646	9106723	25776149	64124393	146576222	343579938
JavaIMPL 3	681	545	744	1713	1713	2721	4302	10672	23626	53871	128452	281715	528262	1594173	4337020	9182369	20614200	60552956	129173405	360943046
JavaIMPL 4	569	355	353	1843	911	2678	3232	6383	16809	56722	97044	251141	672589	1357402	3017092	9319193	19804084	53422276	136858551	348070650
JavaIMPL 5	642	355	364	12894	1520	2034	3559	7936	16132	42552	110076	286489	712695	1584126	2815274	6667203	19059115	57039618	159193150	335390878
JavaIMPL 6	579	357	356	699	2142	2196	6004	8106	27580	61640	165938	345666	882104	1777467	4009897	7746680	22241322	59894677	151713528	362311922
JavaIMPL 7	1003	1009	502	944	1298	2137	4517	9936	14890	49947	90903	264663	537749	1484588	3884021	9161198	24517648	59759227	154162057	339522178
JavaIMPL 8	3752	554	512	7640	686	2780	9965	11374	18261	62668	114763	318661	854043	1587722	3966854	9303191	27929328	55638279	146671589	353346760
JavaIMPL 9	954	475	996	1440	958	1807	4863	6827	21252	49861	115294	283952	701751	1700178	3647609	8195746	22676582	64555542	138844966	358170810
OurIMPL 0	638	602	793	1708	2988	5897	10145	17413	51892	97750	208375	447399	996655	2040571	4835896	11040988	28218534	74538956	207992312	611925953
OurIMPL 1	919	824	711	2976	2374	5065	7607	24553	42191	85823	193558	384033	895553	2147241	4998471	13702494	24867596	75162333	185804705	441266826
OurIMPL 2	8431	742	1208	2899	2274	3303	7085	16906	35663	76040	132135	368869	955527	1748890	4560385	10213562	23001943	64698098	187792679	564289398
OurIMPL 3	1140	928	897	2631	3653	5619	6028	17422	52038	78394	161182	331175	919281	2046067	4717615	10195572	25035332	65442080	210008568	624041988
OurIMPL 4	637	377	369	1969	2312	4692	7876	20007	40558	78660	154083	340285	822305	2086078	4040826	9530426	29353998	71146550	191842425	585740043
OurIMPL 5	1330	1050	1180	1412	2267	4587	9415	14457	29551	62400	258620	457801	828554	1979538	4105152	10882597	25703692	62085096	190146678	555446408
OurIMPL 6	1329	658	572	1570	3633	5584	9584	17231	36028	86155	177788	390887	835563	2049327	4669738	12059918	28958716	69149389	184445474	510495037
OurIMPL 7	1223	780	763	2284	3791	3644	6713	13372	40478	71592	184890	386682	908079	1967163	4496279	9756753	27802543	60077225	203157661	557187321
OurIMPL 8	809	561	695	1575	2208	3706	7986	16296	33319	80115	176817	369905	878872	1971851	4272271	10030981	26048961	72925215	191080217	479055002
OurIMPL 9	811	740	653	2325	2266	3928	9046	18744	56306	93546	203591	444508	994780	1997532	4728918	11153995	31563352	66830072	184441944	546231377





---------









Starting Insert Benchmark Sync
JavaIMPL 0	39362	877	1118	942	1724	3415	6575	12980	27591	55697	188763	262798	547704	1109481	2288629	3732158	7126793	16372777	36452150	67235220
JavaIMPL 1	943	498	604	521	722	1803	4042	8403	16725	38252	88432	175315	373810	775490	1699806	3509386	7271224	15567189	32526269	70328201
JavaIMPL 2	933	296	252	430	1069	2593	4897	9646	22254	52145	111557	230094	500845	1101705	2112491	3517303	9987356	17503368	39562255	85307239
JavaIMPL 3	1089	180	688	532	890	1837	3907	8098	19246	40705	85420	176711	369914	770540	1702463	3570041	7388653	15920464	33929553	66343567
JavaIMPL 4	940	250	697	784	1143	1988	4171	8413	16826	37313	83374	184236	368420	790577	1666983	3873894	7480336	15105009	34102979	77720062
JavaIMPL 5	654	246	220	1163	894	1606	4130	8510	17570	44741	85824	174692	380136	842005	1624033	3632818	7347613	15285703	36681543	79980875
JavaIMPL 6	868	172	220	427	1250	1838	4004	8559	29549	41302	95900	237167	558168	1077015	1888004	3724176	7492187	15155619	37328460	69152486
JavaIMPL 7	828	222	574	624	1233	2200	4631	8631	18573	39570	88735	189495	381027	882226	1801517	3762618	7839075	16688577	36925012	70024531
JavaIMPL 8	847	246	636	432	900	1760	3547	7478	16275	37433	82612	179321	385536	802699	1632708	3720553	7641206	15246116	32495220	129204000
JavaIMPL 9	655	243	187	843	860	1911	3626	7954	17089	69764	102094	202362	389381	832104	1730422	3457639	7040094	15564972	32336618	69269156
OurIMPL 0	1548	672	1044	1782	3332	6166	12871	26756	53639	108159	234613	483719	985590	2847675	5425494	12856813	47703832	184414964	721259776	3456194564
OurIMPL 1	14887	354	580	1162	2207	3982	8350	19370	44018	72267	155467	334417	740245	1557571	3663336	10356416	33990234	142475989	682490732	1877754963
OurIMPL 2	836	362	558	1122	2262	4312	17684	17921	45591	70923	150905	319211	672806	1582604	3591889	10096109	37072729	155174997	667519849	3618092863
OurIMPL 3	1268	511	660	1325	2576	4544	9728	20195	40868	83099	184068	371288	780976	1600689	3472689	11365937	39801327	145397679	652597392	3555816860
OurIMPL 4	713	365	575	1131	2191	4214	17806	26333	34064	70140	222234	373183	685605	1504771	3494989	10278418	35562409	139335110	672420191	3392452778
OurIMPL 5	908	368	614	4804	2249	17075	13044	34843	55684	111317	240445	545489	996112	2235916	5303690	16248791	42334337	159009874	439528066	2339747630
OurIMPL 6	839	341	545	1198	2270	4061	8535	17600	36048	83259	155113	321166	673272	1509199	3390223	9873093	41956843	143797540	684708264	3378141286
OurIMPL 7	1629	364	537	1211	2269	4227	8802	17314	49473	79269	152910	311781	644488	1434105	3211451	9334675	31536094	140867455	671322126	3373644083
OurIMPL 8	1059	341	563	1120	11398	3972	8462	26836	51046	71600	195992	315897	687843	1509827	3468664	9983719	35296885	142923765	696359116	3414394758
OurIMPL 9	938	317	546	1126	2185	3897	16988	16633	33951	69405	151764	310138	659611	1409174	3484526	9447757	31487425	139297034	690385178	3510218579


Starting Insert Benchmark Concurrent 1
JavaIMPL 0	1240	436	393	398	1147	1765	3669	8823	17718	36684	85769	215234	371833	798841	1798934	3706152	7692905	17465224	38577379	74194359
JavaIMPL 1	1083	248	260	356	1430	1952	4598	10192	21485	46083	96098	215282	435702	916638	1833627	3802000	7626102	16336167	34667856	68506717
JavaIMPL 2	1224	271	432	635	932	1890	4450	9483	18489	45676	93184	194426	417103	871692	1891672	3895147	7964089	20191319	37878116	180947967
JavaIMPL 3	523	235	231	329	1224	1937	3873	7697	17344	38848	84802	185574	384714	843355	1713573	3954047	7620182	19971942	36225736	78473082
JavaIMPL 4	1384	309	273	750	1060	2455	4992	10795	22675	50106	107981	227263	478366	1043479	2228376	4685923	7627465	22822475	36532518	80827622
JavaIMPL 5	689	210	297	427	721	2036	3964	9063	18017	40615	99131	188823	505297	918438	1706861	4199265	7944267	18132554	35810931	68389425
JavaIMPL 6	638	695	281	769	921	1612	3752	8701	16990	38809	86020	180352	426590	879435	1814400	4087174	8065161	18457238	35513494	76704170
JavaIMPL 7	1085	233	210	516	1444	2035	4202	8560	17899	37497	84284	185228	395031	909845	1763379	3718356	8104053	16908635	33814643	72868850
JavaIMPL 8	823	319	733	828	1176	2529	5247	11661	28195	63002	137612	267861	556735	1020925	2094465	3851275	6916401	19249375	33613071	72683493
JavaIMPL 9	542	421	260	319	1530	1888	3724	8961	20182	43268	89170	207676	395719	828518	1675591	3819983	7886926	15757469	34468371	80282387
OurIMPL 0	2100	319	594	1154	3449	6208	9279	21725	39106	75769	177886	341810	667697	1489235	3319625	9887792	31495126	140851235	668545020	3453003538
OurIMPL 1	683	326	554	1101	11177	4021	8286	26250	34223	69855	150386	310214	691511	1373573	3316717	12821038	37895130	139241443	666541738	3390298003
OurIMPL 2	871	300	563	1150	2279	4048	8379	17878	44021	70941	154771	320175	666280	1480511	3292892	9603212	37423562	144531020	687802077	3456531775
OurIMPL 3	720	387	588	1162	2214	4132	22437	26086	33903	69537	148493	311073	719026	1677531	4441973	12305252	39040429	162572957	726856109	3496995806
OurIMPL 4	788	348	565	1107	2256	4113	17466	26179	33799	70697	147632	310557	643513	1378420	3307600	9449308	35744501	162016307	711875506	3697809521
OurIMPL 5	3056	865	1354	1521	3484	6380	10628	23261	45305	87113	183096	374345	793818	1530194	4834437	10643972	37227614	163390919	722889320	3564451143
OurIMPL 6	1033	460	537	10337	2082	3855	8087	16593	33607	69797	150041	308351	688185	1414062	3284938	10430417	33978348	139861322	727747050	3604126248
OurIMPL 7	1244	461	793	1663	3164	5252	8363	17550	45070	114728	173087	350439	735423	1673435	3452915	10525603	35235613	145365506	684195050	3527569207
OurIMPL 8	793	362	556	1094	2166	3999	8495	35892	34169	69981	176289	385978	658667	1381591	3340488	10037469	33617690	160887643	706518325	3614961645
OurIMPL 9	1065	518	723	1492	2868	5132	11019	22818	47880	96305	205450	426066	791633	1781228	3600331	9943416	34714973	156144021	700139215	3610470735


Starting Insert Benchmark Concurrent 2
JavaIMPL 0	76	1597	300	1038	992	3031	4951	9567	19310	45545	109118	178771	383839	927669	1961807	4105475	8369914	18550785	41378984	78357278
JavaIMPL 1	158	1492	527	27349	1291	2116	4807	9242	19832	42944	85619	188964	412419	1012853	2560109	4881466	8240176	17957948	37099259	74243534
JavaIMPL 2	78	1894	1591	523	551	4248	6516	8452	34022	41487	158653	242651	473638	935925	1744147	3794686	8834593	18840008	37672904	81786513
JavaIMPL 3	120	1900	338	742	1140	2883	19050	8402	17975	37327	78063	174513	440499	1015726	2329392	4013991	8922787	18028815	39190080	80217414
JavaIMPL 4	77	629	275	22057	989	3555	4369	9913	33175	48360	81317	174802	388313	878282	1970019	4101483	8592163	17723940	38487415	80022824
JavaIMPL 5	90	693	296	1426	1577	3018	3554	6281	15714	35717	75221	166026	362229	772250	1956021	3974950	8687727	17882358	37862993	75959877
JavaIMPL 6	78	746	549	1426	1315	2908	5791	8424	27823	40100	110723	210959	360709	765065	1782594	4034752	135542579	19762322	37067848	74932942
JavaIMPL 7	78	666	538	1659	1239	2967	7024	12388	23254	49282	107997	219871	489333	899130	2059589	4027491	8251794	18617163	42627682	88869862
JavaIMPL 8	98	562	252	987	950	3734	13160	6373	15910	34971	100105	178329	471517	1072500	2016451	4196634	9036312	17467451	37918291	77381692
JavaIMPL 9	159	1125	235	363	1962	1656	4765	10969	18936	38750	78842	175555	405226	903818	2013663	4500554	8978497	19859125	40883329	80029573
OurIMPL 0	85	797	494	869	1783	5159	19747	16864	64086	68674	312673	367982	860021	2189010	3911418	8472353	21322548	63227450	255987449	1286863827
OurIMPL 1	116	1351	859	1896	3525	4860	12254	19409	34779	72515	180491	395339	829041	1569476	5947086	9068949	23084989	68529531	280925662	1034479159
OurIMPL 2	84	922	629	1926	3399	5877	7058	17543	34557	74279	185790	479273	961790	1940836	4256843	8974684	21625175	66327452	268943607	1308900584
OurIMPL 3	103	866	533	938	2663	6431	9067	16319	32878	70329	223043	403347	984461	1951768	3913830	8548273	25837666	69268611	277369594	1327929928
OurIMPL 4	153	784	504	9955	1818	5563	16710	13524	32621	68574	239224	423315	901465	1982357	3753784	8299418	23671470	70013229	276700746	1300731377
OurIMPL 5	83	1351	908	1008	1944	5683	7825	14713	35437	73495	207791	399663	783424	1850318	3928701	8734225	22844541	68577631	269345025	1280208787
OurIMPL 6	118	840	455	907	2539	27750	16024	35076	64070	109577	230168	390683	931257	1760839	3717458	8480815	21679077	63811827	250776171	1274767191
OurIMPL 7	83	815	489	1228	2813	3578	8458	14879	34001	83341	204584	414089	798896	1735122	3738920	8218199	22605259	62335547	283990297	1278404191
OurIMPL 8	91	1200	1192	2986	2108	32796	9894	15363	48005	102114	258867	476724	932179	1852494	4016319	9567893	24600014	86632484	328161754	1402744241
OurIMPL 9	98	839	570	1532	3243	6056	14187	19639	39000	78391	259632	472535	1093100	2179363	4405252	9233763	25280835	69419339	273676508	1325452240


Starting Insert Benchmark Concurrent 4
JavaIMPL 0	191	196	1422	512	1186	1678	3487	13140	16321	42068	99957	196915	495437	1194443	2310099	3971765	9720866	21271459	47723020	96814417
JavaIMPL 1	159	215	1519	556	1550	3315	4767	10133	18737	50035	81299	189636	435950	1034327	2113413	4796702	9874196	19455629	49818099	104556479
JavaIMPL 2	155	145	1117	1336	899	1678	3432	9486	16702	33348	94849	174500	374090	775121	1870948	4339630	9814030	20260573	42096551	96395367
JavaIMPL 3	156	170	1131	614	1303	3520	2664	12392	15749	37761	93956	199850	372915	1111038	2367632	4790621	9864081	21064749	52667282	94826150
JavaIMPL 4	150	334	1206	1858	1313	2203	3439	8648	28503	39070	71868	161754	401556	1100613	1887353	4546454	7923612	16805179	45683842	102020336
JavaIMPL 5	186	140	1515	517	1547	2596	3668	8635	15058	56290	75428	224987	481877	972735	1963569	4077750	8893944	19974130	48813073	92839978
JavaIMPL 6	162	232	2589	803	868	2159	4589	9282	21048	47300	87341	180960	419486	1185492	2358875	4957381	10597299	23376218	46654984	97289259
JavaIMPL 7	225	334	1132	1686	1513	3790	4716	12431	25766	53818	145706	290708	601730	1112015	2272635	4354155	9693364	21266845	48831463	99967506
JavaIMPL 8	155	332	1218	465	1766	2655	5164	8811	16928	63044	133090	223512	483800	1046461	2346150	4843433	9124842	20861299	45194099	96698305
JavaIMPL 9	153	181	1549	639	877	2625	3990	6048	20219	33489	118862	163529	393508	754960	1746217	4569410	10065438	22921738	50648086	98796673
OurIMPL 0	187	258	1771	1303	3477	3956	10132	30358	165393	88504	162113	313147	927223	2036053	4163623	9172622	19918149	54052639	158005882	583744802
OurIMPL 1	224	201	2393	1563	3384	4227	10336	18260	43210	91995	162685	569857	915148	2136628	4271298	9380777	20562820	52492733	166399071	586213437
OurIMPL 2	274	190	2280	2232	3143	4531	8693	17579	34343	98568	198292	457024	978539	2115304	4644909	9227938	21784900	51864618	344127848	448220525
OurIMPL 3	183	337	2233	1246	3977	5005	8090	30755	33563	100839	398117	464391	1187796	2248499	4816873	9803359	20347924	54749490	152596474	542766435
OurIMPL 4	239	279	2404	3029	3088	4682	7880	21688	34118	92113	348596	422235	1300233	2448674	4905331	9856823	21241741	55691884	160112404	664038142
OurIMPL 5	258	220	1790	1905	3061	3725	9306	29470	58569	85435	273387	542901	1120066	2093837	4711576	9122899	19526999	58624048	158418932	640350769
OurIMPL 6	240	184	1960	4406	16037	6047	10271	58930	36998	163980	266133	477836	1020564	2375831	4509648	8691741	22414492	59380420	169653449	609256054
OurIMPL 7	192	206	2241	1896	3451	6140	11333	27473	103011	95662	283824	476144	1130524	2298910	4915929	10216410	21208653	53110845	156594736	665886014
OurIMPL 8	397	275	2425	1123	2760	6197	12621	30358	33625	75486	198422	436694	1153653	2095522	4715261	10541592	21059354	50142270	443122972	479391939
OurIMPL 9	186	166	2119	1468	1996	4997	10691	31558	42700	86904	248972	515227	967290	2193960	4828657	9632367	22045031	54308102	156873434	588421243


Starting Insert Benchmark Concurrent 8
JavaIMPL 0	331	312	308	1476	1325	1685	4194	38271	14329	31622	96928	177264	372892	1104481	1622523	4043573	9142572	22554041	52179310	125587017
JavaIMPL 1	375	388	408	1096	1697	3278	6936	8910	20963	46273	108016	244029	493452	856821	2380228	4002305	10191027	28893144	60060325	125282606
JavaIMPL 2	576	563	626	2354	1765	2691	4553	11848	25711	48887	102483	234970	540409	1161074	2845684	5436655	11477137	21228719	59943914	141874422
JavaIMPL 3	368	342	393	2740	1890	3574	5823	9865	16306	44518	111140	258241	477162	970986	2290752	5071422	10214358	20590407	51606004	142926025
JavaIMPL 4	384	534	484	2137	1249	2074	6059	10690	17615	43725	111438	220824	527482	1288909	2477110	5214285	9757588	27175472	60842654	124917733
JavaIMPL 5	345	556	641	1641	2074	4328	11369	6989	17851	57348	100302	212206	479242	1164130	2413810	5923035	10921683	20057987	42310598	132106899
JavaIMPL 6	396	554	371	2231	2161	4180	3824	13823	22345	47159	101477	234892	535870	1221742	2645847	4611203	10854937	27519475	68668762	133264380
JavaIMPL 7	638	923	808	4715	3357	9012	2924	10549	20476	50871	113139	241215	433091	1010421	2721177	7465509	11566837	21119360	39939546	104844822
JavaIMPL 8	425	421	500	984	5934	2074	3104	8023	15228	48541	90395	255152	446302	813936	2176154	4914681	11058535	16701858	51826881	115013802
JavaIMPL 9	325	353	338	2126	1520	1792	3899	8403	19106	50289	95226	238403	527343	1183814	2542750	5463924	10766730	27328880	44849453	130636612
OurIMPL 0	346	420	428	2111	3604	4079	7963	16361	29433	76455	213931	397223	1581926	2514411	5404363	10513280	26334091	47566461	111528807	354622768
OurIMPL 1	358	385	511	3991	2557	4498	11485	12743	29644	59701	207985	431715	1315134	3675155	6592671	11274146	21838579	53079285	162450828	530054652
OurIMPL 2	963	363	366	3175	1855	3509	12647	26105	50351	92390	199704	443333	1412448	3587853	6185213	15803906	26687809	60373962	195740613	628676069
OurIMPL 3	503	506	596	3094	3116	7509	11241	23273	41170	145303	188876	455619	806260	1901021	6198511	10381624	26623568	44416805	159907094	438281828
OurIMPL 4	580	668	581	43407	4281	6574	13488	21620	48928	97118	204851	625983	1100096	1763726	5747201	10301901	26702844	58513473	259961488	378101603
OurIMPL 5	409	434	381	2967	2426	5668	8508	13895	26678	103915	161492	283324	738653	1705563	3830451	8969858	19774986	48589265	138283876	442057597
OurIMPL 6	539	650	651	3892	2878	4083	8093	22868	40743	123595	391125	581811	1273158	2375184	4853013	12651954	27063062	62022372	142242844	479369165
OurIMPL 7	539	460	813	183557	3029	7413	11405	29989	73434	77942	168405	500253	1420378	2866270	4252163	8744771	26185967	46712313	128512483	449116544
OurIMPL 8	451	489	488	2997	2795	5807	7111	13242	41359	72002	163410	482821	1367709	3032383	3793716	7557977	21289985	47871087	131865678	414754333
OurIMPL 9	557	485	381	2468	2044	6461	7445	13415	58981	74927	152699	337560	1411930	2743826	4974908	7322670	16016827	55305037	132871711	406667569
